1273654
1735987
1737942
1737942
1737948
1737951
1737954
1747240
6511986
6512152
10355818
27094359
27094440
27102089
27105527
27106585
33263369
33263369
55505647
55505668
55509631
55509689
55518073
55518408
55523127
55523822
55524188
55524197
55524237
55529187
91404897
91405152
92941605
92941647
92941710
92948938
113460090
153785904
153788811
156104620
156104630
156104651
156104701
156104702
156105758
156105800
156105827
156105885
156106204
156106716
156106776
156106995
156106998
156107004
160206935
161276204
161276512
161276548
161276549
161276575
161276701
161277094
229567649
229568118
229568344
236645609
236645666
244217236
244218377
244218431
244218458
244218466
244218467
244218520
244218541
244218569
226028
294310
64573164
64573252
64573323
76784887
97386497
97397084
97397084
97397085
99498266
99498296
99498313
99502897
99504630
99508078
102748875
102748911
102748922
102749028
102749037
102749042
102749073
102749087
102749109
102749579
102749580
124221527
124248442
124248462
124248481
124249132
124266256
124266281
124266400
681080
686900
686925
686962
686979
686992
687941
5246889
5248232
68115656
68125140
68125269
68131252
68131286
68701322
68705674
76867106
76867955
76867967
76868004
76873195
76885835
76900393
76901153
76916599
76919825
102826071
102826122
121000866
121008357
121031010
121032978
121037412
121037412
121038785
121038844
121058558
126294793
4479729
4479730
4479738
4488587
6574054
7842587
7842773
12317428
12332871
12334052
12334271
13715756
13716897
13717197
13722871
13722927
13724828
13724844
13724864
13724865
13761689
13761726
13764781
13768083
13768469
13768560
13769437
13769479
40619382
40646786
40657700
40671989
40677699
40692281
40692927
40699593
40702269
40702420
40702911
40702947
40703027
40704236
40704236
40704236
40704237
40704252
40707778
40707861
40713899
40713901
40714916
40716270
40717057
40734202
40734206
40740686
40758652
40761466
48387258
50349347
52967118
56629450
57431366
57431402
57437119
57441501
57963454
57975281
57975700
100790151
110236625
110236628
110240814
110252312
122701355
133196029
133198121
20763104
20763116
20763123
20763170
20763170
20763186
20763215
20763234
20763282
20763293
20763294
20763305
20763332
20763342
20763353
20763356
20763438
20763452
20763471
20763477
20763492
20763497
20763498
20763549
20763549
20763557
20763573
20763573
20763585
20763587
20763589
20763590
20763612
20763620
20763626
20763627
20763642
20763662
20763671
20763686
20763687
20763687
20763720
20797357
20797501
20797589
20797606
60498930
60545105
23993413
24709815
24709826
24709836
24709838
24709839
24709839
24709841
24709842
24709842
24709848
24709952
24709980
31346846
31346892
31348040
31348103
31348126
31355096
31355191
31355200
31358879
31358969
31358969
35872032
35873741
35873741
35873744
35873755
35873756
35873756
35873757
61115522
61115535
64447776
64467358
64497894
64497929
64516434
64518321
64519035
64519709
64519771
64520020
64537498
64560091
64564680
64574288
64580075
64588825
64604592
64604595
64612858
64625344
64628873
64633984
64653146
64685154
64685212
64687305
64688390
64689956
64691206
75017900
102446852
102452268
102452354
102452355
102452573
102452889
102457904
102463410
102466704
102468883
102469031
102469287
102474582
102476324
102483555
102498684
102498733
102498756
102499473
102499494
102499688
102500472
102505162
102505753
105168012
105168013
105168013
105168014
105168016
105168085
105169445
43896606
48707956
48712949
48717680
48722933
48725141
48729266
48760294
48762902
48766763
48782210
48787352
48797234
48797303
48802322
48807590
48829826
73615786
73616557
73617719
73622060
73622066
73624602
83523493
89861826
89861968
89864109
89864114
89864412
89865011
89865023
89865073
89866691
89870196
89870432
89872286
1497039
1506173
1511461
2546682
2546873
2547068
3293310
3293447
21270106
67645920
67662453
67670682
67691750
81298282
89245959
89249963
89251646
89253940
89261487
4836116
4836155
4836414
15142892
15142901
15164009
40468917
40469210
40469212
40469227
40474422
40474425
40474431
40474492
40475057
40475130
40475138
40478188
40481441
40481466
40481639
40481660
40481660
40481661
40485737
40485754
40491346
41836049
41836049
42332627
42333075
42333076
42333076
42636356
42636357
48262966
48263786
48263868
48264160
48266269
48266281
48267406
48267460
48267939
48268186
48269166
48272691
48273026
48273026
48273524
48273533
61994697
61995725
61996130
62474046
62481850
62489087
79477735
79477850
79478104
79478225
79478250
79478295
79478408
79478938
79478939
79479026
42531907
58039134
58039377
58039402
852990
853019
853022
855574
855613
855649
856000
1612356
3110188
3110189
3115007
3118948
3121120
6495282
6495329
6495699
6501337
6502220
10265278
10265280
10265385
10904424
10904475
10904505
10904508
10904509
10909219
10913004
10922947
10922991
10934535
10934538
11130337
11132431
11132437
11132488
11132545
11132635
11135065
11136143
11141492
11144153
11144847
15271771
15271828
15271870
15271907
15272218
15272273
15272408
15273335
15276764
15284936
15285063
15285171
15288391
15289850
15290007
15290031
15290236
15290914
15291576
15291591
15291618
15296403
15297937
15298066
15298084
15298126
15298704
15299048
15299051
15299815
15299896
15299920
15300089
15302277
15302307
15302831
15302906
15302941
15302945
15302993
15303013
15303053
15303190
15303200
15303260
15303304
15303315
15308321
15308344
45207323
45207410
45992677
46056999
46057035
46057077
50195618
50203950
50713981
50747534
50762467
50771562
50774681
52693424
52715971
52715979
52715982
52716310
52716329
1914096
1915795
1915806
1915823
1921010
1921036
5833031
5833175
5833200
21225485
21229553
21229554
21233999
21234944
21239387
32289031
32289189
32323909
32339889
32341214
32341220
32341268
32352021
32352029
32352030
32352075
32352082
32352083
32352086
32352087
32353499
32353519
32353541
32361662
32361693
32361946
32361959
32361967
32361984
32361999
32362002
32362033
32362036
32362220
32362241
32362248
32366973
32366974
32366975
32366986
32370026
32370055
32370064
32370073
32370074
32379444
32379489
32379552
32379555
74128557
74141962
86459761
86459857
86509339
86509342
109513451
109513547
109513578
109545718
109545744
128178913
128178957
128178987
128180687
128180699
128180746
128180872
128180895
128183756
128183783
128183784
128183803
128185947
128185950
128186025
128186027
128186061
128186071
128186136
128186151
128186243
128186297
128186302
128186337
128186468
149226486
149227049
149227354
149227432
149227474
149240849
166848567
166895946
198351804
225362478
225422467
227872256
227890518
227892636
227895257
227896932
227942690
227942769
227954619
227966615
227968749
227974001
227983369
228102723
228110688
228111435
228113175
228118314
228118353
228118867
228120751
228121101
228122329
228128568
228131189
228135504
228135631
228137761
228141175
228142227
228145216
228148510
228154715
228157926
228157962
228159760
228162399
228162453
228168638
228168748
228172555
228173626
228173662
241661963
241662029
241663432
241664801
241679766
241680688
241680691
241682386
241685520
241697789
241702634
241715280
241715306
241715307
241715312
241722492
241722504
241722521
241722526
241723193
241723194
241723197
241723205
241723208
241724479
241724480
241724483
241725756
241725854
241725861
241725930
241727526
241727527
241727535
241727566
241727625
241728663
241737132
241737138
34810239
57227168
57242618
57244396
57245580
57245655
61981912
61987338
61992477
61992501
62122040
62122065
62124508
62126415
62320468
62562226
38858815
38862672
38862695
38862734
38862744
38865339
38865347
38865404
38868526
38877746
38884305
44589243
44589270
44589271
44589354
44589369
44590729
44592214
44592215
45709569
47409043
47409531
24108438
24109583
24109646
24109778
24109779
24145583
24175842
24175859
24176330
24176339
36702021
36744995
36745146
9483840
9516266
14172412
24164383
24164388
24164403
24164404
24164404
24164404
24164410
24164413
24164425
24164434
24164437
24164448
24164449
24164456
24164475
24164613
24169094
24169100
24169101
24169101
24169101
24169103
24169113
24169114
24169122
24169154
24169157
24169176
24169185
24169193
24169196
24169206
24174889
24185002
24185003
24185030
41275105
41278200
48508106
48508652
48610145
48610374
48610480
48612549
48612558
48612825
48612834
48612842
48612852
48612870
48612908
48612935
48630971
50230572
50231544
55504280
55508504
55508505
55508562
55508570
55513476
55513485
55514843
58062962
58067395
58067416
58083638
58083645
58116537
58120453
58121790
58121809
58121842
58124075
58124218
58131722
58145348
121973121
121973177
121973200
121975939
121976088
121976096
121976116
121976122
121976124
121976135
121976155
121976170
121976194
121980396
121980414
121980436
121980453
121980540
121980544
121980562
121980771
121981215
122002611
122002636
122002647
122002839
122002844
122002981
122003119
122003163
122003164
122003184
122003218
122003260
122003283
122003329
122003458
127318284
129247644
129247845
129247857
129249848
129251554
142395017
155547508
155571275
155571448
155571618
155571651
176750839
176756105
176756148
176756171
176756174
176765306
176769510
179131240
179134283
179137232
193361398
193361767
193361785
193364899
193364916
193365898
193384980
647701
6292945
6303573
6303860
6303947
6304112
71497424
85636503
88532109
88533257
88928968
88929453
88959523
88967828
88989111
111539638
111539694
111539840
111542322
111542366
111542507
149002514
149002535
149035283
149035397
149041372
149073677
149073701
149075740
149075755
149075941
149181130
149356308
149356352
149357475
149357564
149357910
186066044
186066045
186066099
186066117
186066146
186067017
186068093
1264656
1268640
1268679
1268700
1278880
1279491
1279507
1280331
1294166
14374360
14394211
14397221
14713746
14713753
14716941
14741946
76646903
131544863
131549659
137028029
137777075
139494055
139494065
139494196
139494262
139494277
139494329
139494362
139494371
139494380
139494382
139494476
139494500
139494686
140907261
145719658
145719855
145719967
33139540
33142311
33400558
33400583
33403335
33405526
33405560
33405662
33405748
33405766
33405887
33406651
33406672
33408546
33408552
33408961
33409107
33409389
33409437
33411673
33412306
42974252
42975003
42975009
42975013
42975030
42975739
76554694
76566915
152443756
152473122
152532702
152629631
152640110
152658062
152668211
152671865
152679518
152688371
152694330
152697675
152746593
152751278
152751807
152779933
165829768
165832223
31890328
56170571
56172037
69364347
69583206
70231231
70231234
73455561
73456970
73466166
73466295
73470682
73470714
73470721
73474308
73474825
73477521
73477524
73477642
73477690
73480029
73482987
94038635
94038715
94039080
94039769
94039778
94039813
94040458
94041897
94044575
94047108
94052270
94054472
94055771
94055771
94055826
94056320
143017837
143017864
143018504
143018811
143018934
143021535
143027865
143027881
143027903
143027931
143027948
143027961
143027970
143027990
143028358
143028408
143029583
143029874
143036383
143036388
143036388
143036397
143036620
143039031
143039088
143039094
1830835
1857591
1876707
41789962
41790213
41790786
41798416
42711439
42711484
42720581
67089624
97156888
97172796
126044499
126079925
126091036
126095371
75406830
75431077
75431077
94486321
94486564
94486693
94487056
94487064
94487134
94487187
94487224
94493330
94495406
94495608
94712239
95477654
95477683
95480229
95480847
95480934
95481063
95481294
95481323
95481404
95481425
95481848
95484979
95484981
95491439
117803226
117803295
131669646
131671029
135204313
140051128
140056647
140056647
140056951
140056962
140056962
140057101
140057128
140057139
140057162
140057680
140058058
140058094
140058216
140058267
140058297
24483623
24521596
48382300
48382363
48382373
48382377
48382397
48382458
48385378
48385385
48385386
48385389
48385395
48385406
48385644
48386633
48386679
48386784
135289984
135290067
153195565
154490156
66969351
128680701
107579632
2761050
42985873
62207911
35806217
43496539
116752290
129571272
41246294
133729499
84406219
149436930
88229317
68842668
9243016
159654539
17804730
44153474
93301825
26864393
157527578
44126976
3820969
145508636
120189912
42036534
241815411
43362998
227348245
134073656
28498702
44038793
65998101
43600607
159420783
75012979
79447763
11106648
26883895
49110450
78188863
131377998
13811889
20597357
38835323
33780188
27213562
136509403
47601106
59870998
133152402
152883786
76564897
79462135
3063715
91403431
42453065
179659912
5153857
159277709
150530548
17662331
155551362
19776380
1245057
54141880
47351667
207011753
201046164
126069807
53561483
128485259
88945975
52430698
26706745
40337878
137909497
62993870
241468772
75489575
17312743
127477484
26140573
107975887
38092026
6174908
150886768
125619382
202715270
64408645
56875962
242707195
8074187
152527650
73806285
50964560
17589341
46897446
744308
179480194
27703001
133962930
2210497
41244435
114099109
70254755
43212873
13222397
23189553
179399862
106813518
56801451
179403525
81043068
187549401
168467448
72926682
6303002
123868506
18060524
67680203
114823986
149437123
73680118
23300345
137716559
220419339
198672489
88547213
28884858
43803807
47773201
98927584
133306854
34032130
72281192
93303114
38850514
56780681
176832166
136302008
52436643
110603639
129147028
57892216
28530193
90213229
53660101
1995589
89949510
70255956
111695863
11224003
16058436
41829316
33443932
35770154
131973783
215815807
113049363
124289423
119708447
36259238
91712668
24330751
220309845
44172014
59113351
6439816
23313911
218712260
34925445
104825597
39978052
45398438
131973876
803515
101201219
121436725
88799821
3457607
38876725
80763857
247597502
60886146
76939300
236381824
12921332
170003432
170082936
37429744
11614584
118847686
44040401
39278400
1258141
42532604
41930386
61769122
131212572
57599401
6528146
7324547
46425062
72005478
1825372
76939835
70333398
100964928
25367388
1084336
66114662
186113330
67647536
43810084
228475954
63410975
140054717
91729145
5462129
149260012
166152467
96920712
238451271
121037443
26861877
82444453
123249358
52321238
154247435
128723915
149212687
150883671
47576969
124757679
35037136
30649268
25273049
18272777
6452698
15578890
50338843
17582282
10477132
32818774
52912909
179250906
78596580
77102168
225600309
68529121
238976761
31294573
36685329
152560744
74375987
47989777
53222746
49433946
46930172
123419573
46787544
72286823
2120531
23015861
56539737
31525433
77744827
34311194
138699734
44249199
149227609
77266953
37145405
72890281
73777400
5711930
13902245
52258140
79320439
17532068
65305605
56387461
85191826
73681095
105984066
37045951
158631144
156126289
7885916
66786848
16875349
116616740
165984284
53732147
105664944
241723168
6303680
7579548
228163453
133918963
17564347
167262592
131094453
51515640
34112986
119575538
45800156
19644516
88965293
109365537
110807727
240048361
179532446
59878772
79936579
33988683
1268385
60028921
6591306
53205757
120057709
100767307
44474098
31331293
37053567
131398647
123664333
48734136
151377648
101891882
78676701
94859478
126715091
29326155
61451305
80196972
50902196
2131695
226108177
68280456
33596126
6999557
50919775
38788582
654380
11145670
6826630
153001699
65554649
66332097
100238661
149460413
29416481
79950727
196712596
27461368
27634331
89345031
78079665
237060372
50364929
7681731
32266587
128181787
43945487
88908372
79950718
91630603
219526525
78321956
37272063
60884852
48878164
160920431
215821053
95569701
71015105
57060067
148968201
48026308
179485664
27535577
36680556
75969360
9917526
110172863
49983819
129513850
34926082
197094202
109815862
36342212
108159761
47591941
88802586
11565920
52913729
37333657
132528725
45362406
1963124
179401742
30652729
2384434
50681043
160097580
133196619
226110045
42427667
154960848
19548116
1431163
79117651
38182130
80045016
129891583
227892710
197070594
110075098
4535314
19085298
107605124
70254874
220311332
53612104
1775042
74350674
36218851
21385159
220383745
51882274
41246558
11288901
179427229
135777055
73151829
135732502
55472944
2375262
47882145
15303304
6544421
233635635
108882830
3045428
88788438
32715991
50962385
50626480
132399004
93558059
233199400
51204996
33331503
52371089
47836410
132416813
10992793
56084714
21239447
86672231
179534960
130452803
84634347
10464934
6553445
42179959
94841634
29236861
92958539
6378794
111695653
90967710
37067190
95556979
35806756
88029386
52402998
153296670
32184785
135391444
45700352
2377208
178413312
17475592
103528002
1514437
220424014
83519982
3072577
45294291
138603968
64167883
86067879
69255451
31022910
128186348
36933493
5620290
100865852
12921186
119580269
121739667
179427926
76968238
45972941
219619016
34925263
156107548
52358751
116340223
54040987
47777063
33329713
21224925
105206006
58302710
121178151
89990324
156261200
127950945
132270084
151773593
53574773
183184690
11224263
94397186
11224269
32816772
99442765
78869976
103128425
131926987
29940455
37053526
208390903
1778724
73641569
144996350
26885797
64800042
7016579
209168922
33273011
214820457
103236280
4780077
1688579
58455447
17519742
95013587
55663053
102713204
76668547
33353088
10088285
149756088
21453084
22987434
241712559
129148812
78669727
129909554
6026688
37067129
51746781
75514722
153295949
1670044
30673468
213403192
33143391
144671905
6128170
73567145
108307785
843506
37821466
48623145
201043650
73011743
113496687
152722356
3328327
158747334
16979714
153296092
239005494
179600678
44249454
126128248
168104200
17640187
29107930
45444057
41246809
166870321
30924558
27065703
23637715
68521889
166187867
33762696
113359801
78280974
131346693
74189771
72897723
196920053
107814664
42744507
69772000
114290810
233201310
169621600
134042169
128494922
41284292
226032903
98508792
41256241
37603028
16051990
50358901
94544234
119109769
78669799
89351520
167728775
151377532
2811522
133963151
102964008
216274441
179441922
73519413
38674531
42213772
70444261
77574779
1267250
63538778
14482836
215960167
15601897
62196720
61848064
46659592
12734314
50919868
110740903
44209461
26663349
62492690
61564441
133324902
26422846
179604747
151780099
4148284
195511331
129283519
24843527
153475663
50340065
113418822
114925405
2906187
21148805
168074130
179552924
1628879
58421080
24231673
